0	346049
346050	540838
540839	785476
785477	952380
952381	1124787
1124788	1297246
1297247	1533270
1533271	1723660
1723661	1889349
1889350	2065250
2065251	2242165
2242166	2397946
2397947	2525552
2525553	2642336
2642337	2768753
2768754	2886699
2886700	3057619
3057620	3187125
3187126	3287483
3287484	3390033
3390034	3469459
3469460	3575228
3575229	3675365
3675366	3791969
3791970	3894180
3894181	4007333
4007334	4111842
4111843	4237924
4237925	4317571
4317572	4408995
4408996	4529101
4529102	4645347
4645348	4722323
4722324	4819461
4819462	4922606
4922607	4986633
4986634	5046626
5046627	5121155
5121156	5192824
5192825	5277921
5277922	5376933
5376934	5464950
5464951	5585940
5585941	5688352
5688353	5748479
5748480	5812239
5812240	5893664
5893665	5966260
5966261	6030789
6030790	6103763
6103764	6218280
6218281	6289187
6289188	6351564
6351565	6419418
6419419	6484589
6484590	6538269
6538270	6584810
6584811	6662802
6662803	6737244
6737245	6793189
6793190	6840106
6840107	6884280
6884281	6936091
6936092	6986404
6986405	7042541
7042542	7102692
7102693	7150434
7150435	7232323
7232324	7307875
7307876	7364939
7364940	7435370
7435371	7498587
7498588	7554282
7554283	7642279
7642280	7695605
7695606	7747766
7747767	7815381
7815382	7872163
7872164	7920316
7920317	7963392
7963393	8008837
8008838	8071888
8071889	8125134
8125135	8167983
8167984	8214012
8214013	8341602
8341603	8386482
8386483	8428726
8428727	8474456
8474457	8529071
8529072	8572257
8572258	8616077
8616078	8659751
8659752	8703301
8703302	8753926
8753927	8803372
8803373	8871485
8871486	8917494
8917495	8965126
8965127	9015678
9015679	9062298
9062299	9106334
9106335	9156594
9156595	9195109
9195110	9238474
9238475	9280193
9280194	9319959
9319960	9363343
9363344	9404416
9404417	9443412
9443413	9501597
9501598	9548360
9548361	9588772
9588773	9633345
9633346	9671253
9671254	9716207
9716208	9758254
9758255	9800034
9800035	9839929
9839930	9876722
9876723	9911603
9911604	9956409
9956410	9992329
9992330	10041599
10041600	10085677
10085678	10134503
10134504	10174370
10174371	10215108
10215109	10255107
10255108	10298884
10298885	10343682
10343683	10381405
10381406	10413718
10413719	10456917
10456918	10502309
10502310	10538067
10538068	10577415
10577416	10614493
10614494	10658411
10658412	10698007
10698008	10754074
10754075	10791517
10791518	10826916
10826917	10860943
10860944	10899743
10899744	10945696
10945697	10984048
10984049	11028905
11028906	11095436
11095437	11144059
11144060	11210591
11210592	11261074
11261075	11302474
11302475	11347597
11347598	11392870
11392871	11437994
11437995	11478524
11478525	11518390
11518391	11557932
11557933	11600519
11600520	11649343
11649344	11699177
11699178	11747097
11747098	11800213
11800214	11851272
11851273	11908346
11908347	11965061
11965062	12010419
12010420	12049529
12049530	12102961
12102962	12155530
12155531	12206106
12206107	12246924
12246925	12306515
12306516	12351041
12351042	12399414
12399415	12456430
12456431	12517870
12517871	12563295
12563296	12608677
12608678	12649845
12649846	12691094
12691095	12725575
12725576	12762946
12762947	12811523
12811524	12852660
12852661	12900924
12900925	12942614
12942615	12979351
12979352	13017470
13017471	13053735
13053736	13089116
13089117	13127234
13127235	13168218
13168219	13205378
13205379	13245079
13245080	13280790
13280791	13316512
13316513	13359101
13359102	13399246
13399247	13439704
13439705	13470855
13470856	13507621
13507622	13555030
13555031	13589800
13589801	13630453
13630454	13661560
13661561	13690783
13690784	13733234
13733235	13764884
13764885	13800346
13800347	13834078
13834079	13877799
13877800	13915853
13915854	13953643
13953644	13989632
13989633	14039484
14039485	14079622
14079623	14121105
14121106	14154448
14154449	14187531
14187532	14230509
14230510	14277510
14277511	14315908
14315909	14355023
14355024	14394112
14394113	14437875
14437876	14469815
14469816	14517229
14517230	14561380
14561381	14608224
14608225	14639176
14639177	14668014
14668015	14697927
14697928	14728131
14728132	14764103
14764104	14797478
14797479	14835885
14835886	14881184
14881185	14923926
14923927	14957963
14957964	14991827
14991828	15027638
15027639	15060977
15060978	15098694
15098695	15136800
15136801	15176486
15176487	15215009
15215010	15255459
15255460	15293288
15293289	15327150
15327151	15360465
15360466	15394098
15394099	15428814
15428815	15461181
15461182	15497500
15497501	15547035
15547036	15598589
15598590	15642683
15642684	15684488
15684489	15743307
15743308	15777916
15777917	15816194
15816195	15861684
15861685	15900761
15900762	15949009
15949010	15992907
15992908	16026398
16026399	16056404
16056405	16100525
16100526	16139508
16139509	16176721
16176722	16209974
16209975	16245894
16245895	16278695
16278696	16307343
16307344	16338529
16338530	16378547
16378548	16417320
16417321	16468591
16468592	16505219
16505220	16538033
16538034	16575732
16575733	16639934
16639935	16691899
16691900	16723571
16723572	16757287
16757288	16788420
16788421	16828066
16828067	16872249
16872250	16905622
16905623	16945416
16945417	16988676
16988677	17016719
17016720	17053218
17053219	17084200
17084201	17125047
17125048	17175455
17175456	17212024
17212025	17247703
17247704	17291092
17291093	17338140
17338141	17379012
17379013	17421947
17421948	17466977
17466978	17506525
17506526	17558789
17558790	17619120
17619121	17659681
17659682	17692208
17692209	17728659
17728660	17769098
17769099	17807726
17807727	17847263
17847264	17886261
17886262	17919141
17919142	17948897
17948898	17986747
17986748	18032529
18032530	18088334
18088335	18139286
18139287	18173710
18173711	18219373
18219374	18273726
18273727	18331892
18331893	18368202
18368203	18407407
18407408	18449189
18449190	18477872
18477873	18510012
18510013	18549800
18549801	18586098
18586099	18618631
18618632	18653878
18653879	18688767
18688768	18722895
18722896	18759928
18759929	18797514
18797515	18831819
18831820	18863857
18863858	18897317
18897318	18926691
18926692	18964964
18964965	18999510
18999511	19034743
19034744	19065270
19065271	19104356
19104357	19145766
19145767	19181897
19181898	19220466
19220467	19262563
19262564	19306281
19306282	19351572
19351573	19392813
19392814	19426511
19426512	19463651
19463652	19498599
19498600	19542917
19542918	19584597
19584598	19638345
19638346	19694363
19694364	19737616
19737617	19779994
19779995	19830846
19830847	19874274
19874275	19918040
19918041	19965053
19965054	20012731
20012732	20083729
20083730	20120859
20120860	20176057
20176058	20218733
20218734	20256910
20256911	20291938
20291939	20325962
20325963	20358156
20358157	20395026
20395027	20436187
20436188	20491957
20491958	20539655
20539656	20579696
20579697	20618391
20618392	20669788
20669789	20719511
20719512	20779227
20779228	20828318
20828319	20875481
20875482	20917109
20917110	20965687
20965688	21003389
21003390	21040094
21040095	21092820
21092821	21136727
21136728	21188116
21188117	21222232
21222233	21260302
21260303	21293320
21293321	21335914
21335915	21370306
21370307	21404485
21404486	21442257
21442258	21483542
21483543	21519170
21519171	21561865
21561866	21594609
21594610	21628049
21628050	21671580
21671581	21708086
21708087	21746695
21746696	21780669
21780670	21822961
21822962	21864408
21864409	21911920
21911921	21953950
21953951	21980916
21980917	22010222
22010223	22048896
22048897	22082507
22082508	22120069
22120070	22156881
22156882	22194621
22194622	22237718
22237719	22272560
22272561	22309923
22309924	22361290
22361291	22408725
22408726	22448689
22448690	22485646
22485647	22518913
22518914	22555183
22555184	22593853
22593854	22632220
22632221	22680116
22680117	22721428
22721429	22754244
22754245	22785911
22785912	22819014
22819015	22859690
22859691	22891591
22891592	22926842
22926843	22977974
22977975	23015042
23015043	23054423
23054424	23108985
23108986	23148646
23148647	23193413
23193414	23230626
23230627	23264576
23264577	23299427
23299428	23332628
23332629	23376976
23376977	23416018
23416019	23453984
23453985	23493050
23493051	23537147
23537148	23583362
23583363	23628900
23628901	23669134
23669135	23723267
23723268	23770232
23770233	23814871
23814872	23852195
23852196	23888598
23888599	23932404
23932405	23965244
23965245	24008875
24008876	24046279
24046280	24098475
24098476	24143723
24143724	24184382
24184383	24225426
24225427	24267842
24267843	24323174
24323175	24381577
24381578	24427337
24427338	24468172
24468173	24506169
24506170	24549366
24549367	24601241
24601242	24652089
24652090	24693808
24693809	24741250
24741251	24781281
24781282	24819390
24819391	24866786
24866787	24912626
24912627	24966837
24966838	25012096
25012097	25054422
25054423	25089708
25089709	25121733
25121734	25155332
25155333	25189707
25189708	25224490
25224491	25258772
25258773	25292858
25292859	25324704
25324705	25360925
25360926	25399117
25399118	25437467
25437468	25472060
25472061	25505444
25505445	25536234
25536235	25571126
25571127	25612730
25612731	25674516
25674517	25732830
25732831	25772232
25772233	25804881
25804882	25847699
25847700	25889093
25889094	25919805
25919806	25953176
25953177	25981905
25981906	26019065
26019066	26044491
26044492	26073585
26073586	26099365
26099366	26134160
26134161	26177098
26177099	26231199
26231200	26264213
26264214	26296241
26296242	26329498
26329499	26355324
26355325	26389361
26389362	26427219
26427220	26455816
26455817	26487573
26487574	26532377
26532378	26571501
26571502	26606676
26606677	26639658
26639659	26676055
26676056	26713299
26713300	26749512
26749513	26782504
26782505	26815594
26815595	26848650
26848651	26880520
26880521	26921237
26921238	26950611
26950612	26981322
26981323	27018229
27018230	27070124
27070125	27118918
27118919	27165175
27165176	27210688
27210689	27263203
27263204	27336583
27336584	27421564
27421565	27482221
27482222	27606359
27606360	27775094
27775095	27905052
