0	200384
200385	337472
337473	438991
438992	507455
507456	553150
553151	603438
603439	647869
647870	707367
707368	748641
748642	787872
787873	827828
827829	863420
863421	901404
901405	933366
933367	963214
963215	1007188
1007189	1036570
1036571	1069705
1069706	1103592
1103593	1141830
1141831	1182869
1182870	1213426
1213427	1248035
1248036	1276811
1276812	1304616
1304617	1328678
1328679	1355644
1355645	1383455
1383456	1413973
1413974	1445868
1445869	1474560
1474561	1504959
1504960	1537271
1537272	1567789
1567790	1601232
1601233	1629315
1629316	1655977
1655978	1694542
1694543	1730353
1730354	1761479
1761480	1786794
1786795	1816296
1816297	1845812
1845813	1878320
1878321	1915692
1915693	1948661
1948662	1982239
1982240	2010729
2010730	2049047
2049048	2080501
2080502	2126937
2126938	2177260
2177261	2211588
2211589	2256551
2256552	2284497
2284498	2319451
2319452	2348478
2348479	2386945
2386946	2415145
2415146	2450158
2450159	2494430
2494431	2523514
2523515	2553102
2553103	2592092
2592093	2623120
2623121	2653122
2653123	2686507
2686508	2717338
2717339	2750183
2750184	2798876
2798877	2830504
2830505	2857669
2857670	2895394
2895395	2930174
2930175	2980435
2980436	3032039
3032040	3084098
3084099	3116587
3116588	3143135
3143136	3175775
3175776	3212786
3212787	3240224
3240225	3273869
3273870	3302196
3302197	3337140
3337141	3373202
3373203	3396616
3396617	3420695
3420696	3444018
3444019	3475284
3475285	3505620
3505621	3537776
3537777	3570166
3570167	3603912
3603913	3633457
3633458	3667099
3667100	3694218
3694219	3737061
3737062	3766861
3766862	3796243
3796244	3828230
3828231	3857235
3857236	3885837
3885838	3913691
3913692	3942385
3942386	3970500
3970501	3999820
3999821	4026863
4026864	4054592
4054593	4084883
4084884	4113389
4113390	4141739
4141740	4169479
4169480	4203657
4203658	4234367
4234368	4270441
4270442	4309277
4309278	4346382
4346383	4376634
4376635	4415353
4415354	4448983
4448984	4490102
4490103	4547660
4547661	4609212
4609213	4650967
4650968	4690893
4690894	4719695
4719696	4750002
4750003	4781247
4781248	4812133
4812134	4849070
4849071	4880075
4880076	4911812
4911813	4946803
4946804	4996398
4996399	5053373
5053374	5089654
5089655	5120030
5120031	5156053
5156054	5192086
5192087	5225167
5225168	5258100
5258101	5291963
5291964	5332230
5332231	5363450
5363451	5392823
5392824	5423205
5423206	5450811
5450812	5482568
5482569	5515859
5515860	5555327
5555328	5587460
5587461	5619104
5619105	5649850
5649851	5680483
5680484	5712742
5712743	5748036
5748037	5779766
5779767	5807858
5807859	5845246
5845247	5876372
5876373	5904807
5904808	5939958
5939959	5976545
5976546	6022952
6022953	6062008
6062009	6099998
6099999	6127862
6127863	6163529
6163530	6199300
6199301	6231309
6231310	6259995
6259996	6290057
6290058	6320015
6320016	6355538
6355539	6393662
6393663	6425386
6425387	6475955
6475956	6513427
6513428	6551636
6551637	6588950
6588951	6623004
6623005	6693792
6693793	6738042
6738043	6772326
6772327	6805676
6805677	6838067
6838068	6873705
6873706	6925954
6925955	6978057
6978058	7015548
7015549	7054421
7054422	7088702
7088703	7114984
7114985	7143928
7143929	7170820
7170821	7201545
7201546	7237505
7237506	7272209
7272210	7314539
7314540	7357826
7357827	7391425
7391426	7422720
7422721	7455950
7455951	7489977
7489978	7524401
7524402	7557172
7557173	7588007
7588008	7617020
7617021	7646493
7646494	7673468
7673469	7704682
7704683	7746456
7746457	7772958
7772959	7809000
7809001	7846569
7846570	7889028
7889029	7923303
7923304	7954536
7954537	7996759
7996760	8034817
8034818	8079273
8079274	8127830
8127831	8162996
8162997	8193451
8193452	8234853
8234854	8264178
8264179	8297686
8297687	8332261
8332262	8371110
8371111	8419713
8419714	8470006
8470007	8506043
8506044	8545436
8545437	8578933
8578934	8615266
8615267	8644195
8644196	8675549
8675550	8710597
8710598	8747657
8747658	8777397
8777398	8809539
8809540	8845701
8845702	8882115
8882116	8913649
8913650	8957706
8957707	8987442
8987443	9025449
9025450	9058633
9058634	9088572
9088573	9115566
9115567	9143547
9143548	9170584
9170585	9201346
9201347	9233592
9233593	9267749
9267750	9297344
9297345	9325940
9325941	9357547
9357548	9389499
9389500	9421120
9421121	9448876
9448877	9487801
9487802	9518636
9518637	9549491
9549492	9585796
9585797	9617070
9617071	9648411
9648412	9678179
9678180	9711273
9711274	9748680
9748681	9779984
9779985	9825200
9825201	9854819
9854820	9884206
9884207	9926079
9926080	9960579
9960580	10000977
10000978	10034967
10034968	10065138
10065139	10095417
10095418	10127814
10127815	10170589
10170590	10200787
10200788	10246189
10246190	10285568
10285569	10327890
10327891	10369117
10369118	10412412
10412413	10450639
10450640	10480011
10480012	10510307
10510308	10537572
10537573	10564713
10564714	10602638
10602639	10632925
10632926	10665776
10665777	10695115
10695116	10722284
10722285	10759568
10759569	10794000
10794001	10824584
10824585	10860545
10860546	10899773
10899774	10929025
10929026	10965214
10965215	11017338
11017339	11054703
11054704	11088345
11088346	11138254
11138255	11171728
11171729	11199998
11199999	11239972
11239973	11307303
11307304	11347015
11347016	11381269
11381270	11417194
11417195	11456633
11456634	11486768
11486769	11517874
11517875	11557059
11557060	11596203
11596204	11630995
11630996	11662916
11662917	11694823
11694824	11731502
11731503	11762995
11762996	11799931
11799932	11836346
11836347	11866130
11866131	11894366
11894367	11925162
11925163	11951978
11951979	12007362
12007363	12053802
12053803	12094976
12094977	12132238
12132239	12156899
12156900	12184118
12184119	12210096
12210097	12245380
12245381	12269922
12269923	12300241
12300242	12328054
12328055	12358958
12358959	12391084
12391085	12421744
12421745	12457784
12457785	12488234
12488235	12513432
12513433	12544494
12544495	12579786
12579787	12609583
12609584	12642144
12642145	12671096
12671097	12702369
12702370	12750156
12750157	12781409
12781410	12827964
12827965	12857891
12857892	12895587
12895588	12945489
12945490	12973448
12973449	13013035
13013036	13052102
13052103	13083779
13083780	13114604
13114605	13145263
13145264	13191108
13191109	13237736
13237737	13273292
13273293	13314335
13314336	13343214
13343215	13396548
13396549	13435318
13435319	13476474
13476475	13517271
13517272	13560373
13560374	13600811
13600812	13631966
13631967	13677904
13677905	13710152
13710153	13742818
13742819	13778158
13778159	13823604
13823605	13868784
13868785	13903681
13903682	13932411
13932412	13961955
13961956	13995000
13995001	14022007
14022008	14051938
14051939	14084285
14084286	14123632
14123633	14167873
14167874	14202375
14202376	14238041
14238042	14263429
14263430	14293549
14293550	14324719
14324720	14355291
14355292	14383608
14383609	14419281
14419282	14452300
14452301	14485276
14485277	14520422
14520423	14556588
14556589	14592568
14592569	14631127
14631128	14674847
14674848	14704495
14704496	14744634
14744635	14776393
14776394	14809624
14809625	14843747
14843748	14879740
14879741	14918371
14918372	14955593
14955594	14996026
14996027	15027720
15027721	15068828
15068829	15104039
15104040	15136244
15136245	15171737
15171738	15207126
15207127	15241725
15241726	15279897
15279898	15311001
15311002	15342510
15342511	15375900
15375901	15410957
15410958	15454224
15454225	15489035
15489036	15525430
15525431	15562212
15562213	15607464
15607465	15647317
15647318	15754371
15754372	15787078
15787079	15822547
15822548	15861487
15861488	15904406
15904407	15949335
15949336	15990634
15990635	16028871
16028872	16066356
16066357	16101447
16101448	16134983
16134984	16184114
16184115	16220292
16220293	16246377
16246378	16293792
16293793	16337671
16337672	16373714
16373715	16402063
16402064	16434019
16434020	16466156
16466157	16500533
16500534	16543402
16543403	16575289
16575290	16604607
16604608	16635202
16635203	16672007
16672008	16716916
16716917	16763368
16763369	16810983
16810984	16855972
16855973	16892599
16892600	16940743
16940744	16987786
16987787	17029136
17029137	17070234
17070235	17116662
17116663	17168486
17168487	17213969
17213970	17256816
17256817	17301660
17301661	17343283
17343284	17378593
17378594	17417589
17417590	17464933
17464934	17511808
17511809	17552983
17552984	17595417
17595418	17632125
17632126	17681224
17681225	17733571
17733572	17772978
17772979	17814179
17814180	17868263
17868264	17918008
17918009	17970025
17970026	18033968
18033969	18104255
18104256	18160132
18160133	18210813
18210814	18261113
18261114	18313352
18313353	18365361
18365362	18420108
18420109	18466338
18466339	18509848
18509849	18559162
18559163	18602232
18602233	18646253
18646254	18703331
18703332	18760438
18760439	18814240
18814241	18867328
18867329	18908731
18908732	18965984
18965985	19037167
19037168	19102901
19102902	19171461
19171462	19225838
19225839	19267960
19267961	19314145
19314146	19375651
19375652	19421731
19421732	19492423
19492424	19566734
19566735	19619694
19619695	19688165
19688166	19757475
19757476	19807651
19807652	19841237
19841238	19881998
19881999	19918045
19918046	19954836
19954837	19999274
19999275	20046793
20046794	20100347
20100348	20165045
20165046	20265784
20265785	20337637
20337638	20400123
20400124	20472857
20472858	20526221
20526222	20596328
20596329	20668995
20668996	20776050
20776051	20849315
20849316	20933951
20933952	21027783
21027784	21150165
21150166	21295389
21295390	21596911
21596912	21744051
21744052	21843337
21843338	21939020
21939021	22052524
22052525	22134438
22134439	22245546
22245547	22740848
22740849	23011543
