0	280893
280894	376811
376812	432842
432843	478291
478292	524593
524594	582479
582480	627219
627220	675354
675355	714776
714777	751760
751761	798887
798888	834977
834978	870310
870311	904279
904280	945037
945038	979955
979956	1016162
1016163	1057344
1057345	1090289
1090290	1124376
1124377	1171190
1171191	1208077
1208078	1256789
1256790	1282921
1282922	1326837
1326838	1363360
1363361	1391763
1391764	1422106
1422107	1457268
1457269	1492623
1492624	1547143
1547144	1584184
1584185	1615112
1615113	1652237
1652238	1682569
1682570	1708556
1708557	1746159
1746160	1808012
1808013	1841515
1841516	1876826
1876827	1910114
1910115	1943246
1943247	1977695
1977696	2009819
2009820	2044256
2044257	2094253
2094254	2135451
2135452	2165353
2165354	2193978
2193979	2225915
2225916	2264118
2264119	2293284
2293285	2318512
2318513	2345979
2345980	2373497
2373498	2400391
2400392	2429962
2429963	2468060
2468061	2494290
2494291	2526504
2526505	2552871
2552872	2585228
2585229	2617261
2617262	2652302
2652303	2687567
2687568	2715165
2715166	2759273
2759274	2807216
2807217	2849186
2849187	2886252
2886253	2917757
2917758	2974425
2974426	3003749
3003750	3036944
3036945	3096288
3096289	3132872
3132873	3198180
3198181	3254198
3254199	3284140
3284141	3314065
3314066	3360863
3360864	3405339
3405340	3441798
3441799	3484498
3484499	3518711
3518712	3548623
3548624	3578991
3578992	3617069
3617070	3661121
3661122	3698715
3698716	3736439
3736440	3765337
3765338	3790220
3790221	3817033
3817034	3859126
3859127	3890201
3890202	3925197
3925198	3955542
3955543	3997055
3997056	4029901
4029902	4061096
4061097	4091861
4091862	4122605
4122606	4154898
4154899	4184753
4184754	4225503
4225504	4270628
4270629	4308713
4308714	4348556
4348557	4378406
4378407	4406335
4406336	4443083
4443084	4489430
4489431	4518842
4518843	4552849
4552850	4585601
4585602	4618212
4618213	4649630
4649631	4679178
4679179	4711227
4711228	4741966
4741967	4778518
4778519	4816273
4816274	4857158
4857159	4909223
4909224	4945086
4945087	4980347
4980348	5018468
5018469	5068550
5068551	5117795
5117796	5148134
5148135	5189584
5189585	5225314
5225315	5259238
5259239	5300911
5300912	5335016
5335017	5367541
5367542	5398927
5398928	5429810
5429811	5469486
5469487	5506203
5506204	5537723
5537724	5577638
5577639	5617570
5617571	5659848
5659849	5704828
5704829	5744000
5744001	5793222
5793223	5832674
5832675	5870627
5870628	5901959
5901960	5942381
5942382	5979349
5979350	6015172
6015173	6052932
6052933	6088165
6088166	6120756
6120757	6168786
6168787	6238660
6238661	6276696
6276697	6316021
6316022	6357567
6357568	6428565
6428566	6469406
6469407	6514636
6514637	6556171
6556172	6593928
6593929	6645358
6645359	6692582
6692583	6739028
6739029	6782871
6782872	6823189
6823190	6863038
6863039	6904955
6904956	6943751
6943752	6979686
6979687	7009326
7009327	7044531
7044532	7078666
7078667	7112345
7112346	7151725
7151726	7194208
7194209	7230205
7230206	7273657
7273658	7306895
7306896	7360371
7360372	7406110
7406111	7436589
7436590	7467637
7467638	7500846
7500847	7551614
7551615	7597971
7597972	7638573
7638574	7708669
7708670	7743758
7743759	7779912
7779913	7823117
7823118	7853275
7853276	7883746
7883747	7929310
7929311	7960063
7960064	7999253
7999254	8034862
8034863	8074400
8074401	8127743
8127744	8171478
8171479	8217138
8217139	8258525
8258526	8301520
8301521	8345147
8345148	8388401
8388402	8435904
8435905	8488968
8488969	8535478
8535479	8569527
8569528	8606611
8606612	8645201
8645202	8685173
8685174	8719021
8719022	8757230
8757231	8802966
8802967	8840675
8840676	8874827
8874828	8912569
8912570	8956163
8956164	9003496
9003497	9035975
9035976	9080420
9080421	9122894
9122895	9176034
9176035	9216256
9216257	9254932
9254933	9297847
9297848	9330328
9330329	9362816
9362817	9406644
9406645	9475431
9475432	9510826
9510827	9549322
9549323	9585121
9585122	9625333
9625334	9660402
9660403	9713923
9713924	9752366
9752367	9791138
9791139	9824785
9824786	9872518
9872519	9913007
9913008	9952140
9952141	9989705
9989706	10024489
10024490	10067892
10067893	10104372
10104373	10138764
10138765	10174188
10174189	10210947
10210948	10244698
10244699	10281143
10281144	10314930
10314931	10353467
10353468	10387344
10387345	10424814
10424815	10458871
10458872	10494624
10494625	10521452
10521453	10555487
10555488	10594885
10594886	10628121
10628122	10655955
10655956	10692870
10692871	10721375
10721376	10754578
10754579	10784737
10784738	10816457
10816458	10849112
10849113	10886039
10886040	10919164
10919165	10958872
10958873	10999179
10999180	11035190
11035191	11067415
11067416	11109653
11109654	11144367
11144368	11180031
11180032	11211983
11211984	11243883
11243884	11286805
11286806	11315185
11315186	11349588
11349589	11384074
11384075	11414009
11414010	11442246
11442247	11472934
11472935	11524087
11524088	11553105
11553106	11591261
11591262	11634244
11634245	11665933
11665934	11704734
11704735	11749079
11749080	11791396
11791397	11829805
11829806	11861140
11861141	11898052
11898053	11936542
11936543	12006663
12006664	12037875
12037876	12064648
12064649	12091136
12091137	12125206
12125207	12165042
12165043	12200784
12200785	12238281
12238282	12278486
12278487	12310956
12310957	12345747
12345748	12376560
12376561	12411223
12411224	12441235
12441236	12473330
12473331	12503006
12503007	12538796
12538797	12569193
12569194	12600886
12600887	12634681
12634682	12666658
12666659	12700446
12700447	12732948
12732949	12773980
12773981	12813944
12813945	12847164
12847165	12877909
12877910	12918527
12918528	12959735
12959736	12997341
12997342	13041780
13041781	13081374
13081375	13120526
13120527	13157625
13157626	13192759
13192760	13226243
13226244	13263939
13263940	13306266
13306267	13348869
13348870	13383409
13383410	13429235
13429236	13479487
13479488	13553495
13553496	13621622
13621623	13674943
13674944	13724426
13724427	13772033
13772034	13832637
13832638	13873579
13873580	13910478
13910479	13945273
13945274	13983838
13983839	14042848
14042849	14079026
14079027	14109764
14109765	14145847
14145848	14183861
14183862	14211151
14211152	14247813
14247814	14294149
14294150	14335342
14335343	14378168
14378169	14425440
14425441	14476587
14476588	14523239
14523240	14569065
14569066	14612936
14612937	14665699
14665700	14723510
14723511	14781710
14781711	14842558
14842559	14896581
14896582	14945031
14945032	14985044
14985045	15024410
15024411	15064091
15064092	15120560
15120561	15174927
15174928	15222549
15222550	15265583
15265584	15308613
15308614	15360065
15360066	15402397
15402398	15446228
15446229	15489487
15489488	15540820
15540821	15619220
15619221	15654341
15654342	15700188
15700189	15744851
15744852	15785302
15785303	15843760
15843761	15883800
15883801	15935445
15935446	15995805
15995806	16040699
16040700	16089235
16089236	16161800
16161801	16201673
16201674	16242784
16242785	16279523
16279524	16313861
16313862	16356326
16356327	16410232
16410233	16449431
16449432	16487079
16487080	16526636
16526637	16572627
16572628	16657439
16657440	16710112
16710113	16745684
16745685	16789464
16789465	16828658
16828659	16874508
16874509	16911380
16911381	16968860
16968861	17037533
17037534	17110246
17110247	17165670
17165671	17217245
17217246	17271833
17271834	17334852
17334853	17407536
17407537	17470319
17470320	17542650
17542651	17601157
17601158	17665230
17665231	17707258
17707259	17771338
17771339	17831320
17831321	17907912
17907913	17951664
17951665	18002488
18002489	18037766
18037767	18088176
18088177	18123381
18123382	18154901
18154902	18193432
18193433	18220007
18220008	18249175
18249176	18279774
18279775	18312211
18312212	18342439
18342440	18375097
18375098	18408332
18408333	18450018
18450019	18506787
18506788	18560648
18560649	18599311
18599312	18643919
18643920	18694076
18694077	18742429
18742430	18809166
18809167	18853133
18853134	18916005
18916006	18964376
18964377	19023748
19023749	19081240
19081241	19144545
19144546	19206913
19206914	19264293
19264294	19339972
19339973	19414278
19414279	19488803
19488804	19573018
19573019	19669955
19669956	19876617
19876618	19995545
19995546	20097280
20097281	20235191
20235192	20364429
20364430	20498897
20498898	20604873
20604874	20718209
20718210	20859653
20859654	20968386
20968387	21091766
21091767	21217416
21217417	21389102
21389103	21530730
21530731	21695386
21695387	21859122
21859123	22051827
22051828	22237402
22237403	22398797
22398798	22521682
22521683	22676600
22676601	22861395
22861396	23023337
23023338	23219630
23219631	23452406
23452407	23719287
23719288	23973998
23973999	24278583
24278584	24543556
